0.023 0 100
0.046 0 100
0.052 0 100
0.057 0 100
0.063 1 -100
0.069 2 -100
0.075 1 100
0.081 1 100
0.087 1 100
0.093 1 100
0.099 2 -100
0.105 2 100
0.115 4 -100
0.124 2 100
0.13 2 100
0.136 2 100
0.142 2 100
0.148 3 -100
0.154 3 100
0.16 2 100
0.167 3 -100
0.173 3 100
0.179 3 100
0.185 2 100
0.191 3 -100
0.197 3 100
0.203 3 100
0.209 3 100
0.215 3 100
0.221 3 100
0.227 4 -100
0.233 3 100
0.243 8 -100
0.252 3 100
0.258 3 100
0.264 3 100
0.27 3 100
0.276 4 -100
0.282 3 100
0.288 3 100
0.294 4 -100
0.3 3 100
0.306 3 100
0.312 3 100
0.318 3 100
0.324 4 -100
0.33 3 100
0.337 4 -100
0.343 3 100
0.349 3 100
0.355 3 100
0.365 8 -100
0.374 3 100
0.38 3 100
0.386 4 -100
0.392 3 100
0.398 3 100
0.404 3 100
0.41 3 100
0.416 3 100
0.422 4 -100
0.428 4 100
0.434 4 100
0.44 3 100
0.446 3 100
0.452 4 -100
0.458 4 100
0.465 3 100
0.471 4 -100
0.477 4 100
0.483 3 100
0.493 7 -100
0.502 4 100
0.508 3 100
0.514 3 100
0.52 3 100
0.526 4 -100
0.532 4 100
0.538 3 100
0.544 3 100
0.55 4 -100
0.556 3 100
0.562 4 -100
0.568 3 100
0.574 3 100
0.58 3 100
0.586 3 100
0.592 4 -100
0.598 3 100
0.605 3 100
0.614 8 -100
0.624 3 100
0.63 4 -100
0.636 3 100
0.642 3 100
0.648 3 100
0.654 3 100
0.66 3 100
0.666 4 -100
0.672 4 100
0.678 3 100
0.684 3 100
0.69 4 -100
0.696 3 100
0.702 4 -100
0.708 3 100
0.714 3 100
0.72 3 100
0.726 3 100
0.732 3 100
0.742 8 -100
0.751 4 100
0.757 4 100
0.763 3 100
0.77 4 -100
0.776 5 -100
0.782 4 100
0.788 3 100
0.794 3 100
0.8 3 100
0.806 4 -100
0.812 4 100
0.818 3 100
0.824 3 100
0.83 4 -100
0.836 3 100
0.842 3 100
0.848 4 -100
0.854 3 100
0.86 4 -100
0.87 6 -100
0.879 2 100
0.885 2 100
0.891 1 100
0.898 2 -100
0.904 3 -100
0.91 2 100
0.916 1 100
0.922 2 -100
0.928 2 100
0.934 2 100
0.94 1 100
0.946 2 -100
0.952 3 -100
0.958 2 100
0.964 2 100
0.97 2 100
0.976 2 100
0.982 2 100
0.992 6 -100
1.001 4 100
1.007 3 100
1.013 3 100
1.02 3 100
1.026 4 -100
1.032 4 100
1.038 3 100
1.044 3 100
1.05 3 100
1.056 4 -100
1.062 4 100
1.068 4 100
1.074 3 100
1.08 4 -100
1.086 3 100
1.092 4 -100
1.098 3 100
1.104 3 100
1.11 3 100
1.12 7 -100
1.129 4 100
1.136 4 100
1.142 3 100
1.148 4 -100
1.154 3 100
1.16 4 -100
1.166 3 100
1.172 3 100
1.178 3 100
1.184 3 100
1.19 4 -100
1.196 3 100
1.202 4 -100
1.208 3 100
1.214 3 100
1.22 3 100
1.226 3 100
1.232 4 -100
1.242 7 -100
1.252 3 100
1.258 3 100
1.264 2 100
1.27 2 100
1.276 3 -100
1.282 3 100
1.288 3 100
1.294 2 100
1.3 3 -100
1.306 4 -100
1.312 3 100
1.318 2 100
1.324 2 100
1.33 3 -100
1.336 3 100
1.342 2 100
1.348 3 -100
1.355 3 100
1.361 3 100
1.37 6 -100
1.38 3 100
1.386 3 100
1.392 3 100
1.398 3 100
1.404 3 100
1.41 4 -100
1.416 3 100
1.422 4 -100
1.428 3 100
1.434 3 100
1.44 2 100
1.446 3 -100
1.452 4 -100
1.458 2 100
1.464 3 -100
1.47 2 100
1.477 2 100
1.483 3 -100
1.493 4 -100
1.502 2 100
1.508 1 100
1.514 1 100
1.52 1 100
1.526 2 -100
1.532 3 -100
1.538 2 100
1.544 1 100
1.55 1 100
1.556 2 -100
1.562 2 100
1.568 2 100
1.574 2 100
1.58 2 100
1.586 3 -100
1.592 3 100
1.598 2 100
1.604 3 -100
1.611 3 100
1.621 6 -100
1.63 3 100
1.636 3 100
1.642 2 100
1.648 3 -100
1.654 3 100
1.66 3 100
1.666 3 100
1.672 3 100
1.678 3 100
1.684 4 -100
1.69 3 100
1.696 4 -100
1.702 3 100
1.708 3 100
1.714 3 100
1.721 3 100
1.727 4 -100
1.733 3 100
1.743 7 -100
1.752 4 100
1.758 3 100
1.764 3 100
1.77 3 100
1.776 3 100
1.782 4 -100
1.788 4 100
1.794 4 100
1.8 3 100
1.806 4 -100
1.812 4 100
1.818 3 100
1.824 3 100
1.83 4 -100
1.837 4 100
1.843 4 100
1.849 3 100
1.855 3 100
1.861 4 -100
1.871 8 -100
1.88 3 100
1.886 2 100
1.892 2 100
1.898 3 -100
1.904 3 100
1.91 3 100
1.916 2 100
1.922 3 -100
1.928 3 100
1.934 3 100
1.94 3 100
1.946 3 100
1.953 4 -100
1.959 3 100
1.965 4 -100
1.971 3 100
1.977 3 100
1.983 2 100
1.993 7 -100
2.002 4 100
2.008 3 100
2.014 3 100
2.02 4 -100
2.026 3 100
2.032 4 -100
2.038 3 100
2.044 3 100
2.05 2 100
2.056 4 -100
2.063 3 100
2.069 3 100
2.075 3 100
2.081 4 -100
2.087 3 100
2.093 3 100
2.099 3 100
2.105 3 100
2.111 4 -100
2.121 8 -100
2.13 2 100
2.136 3 -100
2.142 2 100
2.148 2 100
2.154 2 100
2.16 2 100
2.166 3 -100
2.172 2 100
2.178 3 -100
2.184 2 100
2.191 3 -100
2.197 2 100
2.203 2 100
2.209 2 100
2.215 3 -100
2.221 2 100
2.227 3 -100
2.233 2 100
2.243 5 -100
2.252 2 100
2.258 2 100
2.264 3 -100
2.27 2 100
2.276 2 100
2.282 2 100
2.288 3 -100
2.294 3 100
2.301 3 100
2.307 2 100
2.313 3 -100
2.319 3 100
2.325 3 100
2.331 3 100
2.337 3 100
2.343 3 100
2.349 4 -100
2.355 3 100
2.361 4 -100
2.371 6 -100
2.38 2 100
2.386 1 100
2.392 2 -100
2.398 2 100
2.404 1 100
2.41 2 -100
2.417 2 100
2.423 2 100
2.429 2 100
2.435 2 100
2.441 3 -100
2.447 3 100
2.453 3 100
2.459 2 100
2.465 3 -100
2.471 3 100
2.477 3 100
2.483 2 100
2.493 6 -100
2.502 3 100
2.508 4 -100
2.514 2 100
2.52 3 -100
2.526 2 100
2.532 3 -100
2.539 2 100
2.545 2 100
2.551 2 100
2.557 3 -100
2.563 3 100
2.569 2 100
2.575 2 100
2.581 3 -100
2.587 3 100
2.593 3 100
2.599 2 100
2.605 3 -100
2.615 7 -100
2.624 3 100
2.63 1 100
2.636 2 -100
2.642 2 100
2.649 2 100
2.655 2 100
2.661 2 100
2.667 3 -100
2.673 2 100
2.679 3 -100
2.685 2 100
2.691 3 -100
2.697 2 100
2.703 2 100
2.709 2 100
2.715 2 100
2.721 3 -100
2.727 3 100
2.737 6 -100
2.746 2 100
2.752 3 -100
2.758 3 100
2.764 2 100
2.771 3 -100
2.777 2 100
2.783 3 -100
2.789 2 100
2.795 2 100
2.801 2 100
2.807 2 100
2.813 3 -100
2.819 3 100
2.825 3 100
2.831 2 100
2.837 3 -100
2.843 3 100
2.849 2 100
2.855 3 -100
2.865 6 -100
2.874 2 100
2.88 1 100
2.887 1 100
2.893 2 -100
2.899 2 100
2.905 2 100
2.911 2 100
2.917 2 100
2.923 3 -100
2.929 3 100
2.935 3 100
2.941 2 100
2.947 3 -100
2.953 3 100
2.959 3 100
2.965 3 100
2.971 3 100
2.977 3 100
2.987 7 -100
2.996 4 100
3.002 4 100
3.009 4 100
3.015 4 100
3.021 3 100
3.027 4 -100
3.033 4 100
3.039 4 100
3.045 4 100
3.051 4 100
3.057 4 100
3.063 4 100
3.069 4 100
3.075 4 100
3.081 5 -100
3.087 4 100
3.093 5 -100
3.099 3 100
3.109 8 -100
3.118 4 100
3.124 4 100
3.131 4 100
3.137 3 100
3.143 4 -100
3.149 4 100
3.155 4 100
3.161 3 100
3.167 4 -100
3.173 4 100
3.179 3 100
3.185 4 -100
3.191 3 100
3.197 4 -100
3.203 2 100
3.209 3 -100
3.216 3 100
3.222 3 100
3.228 3 100
3.238 6 -100
3.247 3 100
3.253 3 100
3.259 3 100
3.265 3 100
3.271 4 -100
3.277 3 100
3.283 4 -100
3.289 3 100
3.295 3 100
3.301 3 100
3.307 2 100
3.313 4 -100
3.319 3 100
3.326 3 100
3.332 4 -100
3.338 3 100
3.344 3 100
3.35 4 -100
3.36 6 -100
3.369 2 100
3.375 2 100
3.381 2 100
3.387 2 100
3.393 3 -100
3.399 2 100
3.405 3 -100
3.411 2 100
3.417 3 -100
3.423 2 100
3.429 2 100
3.435 1 100
3.441 3 -100
3.448 3 100
3.454 2 100
3.46 2 100
3.466 3 -100
3.472 3 100
3.482 6 -100
3.491 2 100
3.497 3 -100
3.503 3 100
3.509 3 100
3.515 2 100
3.521 2 100
3.527 3 -100
3.533 3 100
3.539 3 100
3.545 3 100
3.551 3 100
3.558 4 -100
3.564 3 100
3.57 3 100
3.576 4 -100
3.582 3 100
3.588 3 100
3.594 2 100
3.6 4 -100
3.61 7 -100
3.619 2 100
3.625 2 100
3.631 1 100
3.637 2 -100
3.643 3 -100
3.649 2 100
3.655 1 100
3.661 2 -100
3.668 2 100
3.674 2 100
3.68 1 100
3.686 2 -100
3.692 2 100
3.698 2 100
3.704 2 100
3.71 3 -100
3.716 2 100
3.722 3 -100
3.732 5 -100
3.741 1 100
3.747 1 100
3.753 1 100
3.759 2 -100
3.765 1 100
3.771 2 -100
3.778 2 100
3.784 1 100
3.79 2 -100
3.796 2 100
3.802 1 100
3.808 2 -100
3.814 2 100
3.82 2 100
3.826 2 100
3.832 2 100
3.838 2 100
3.844 3 -100
3.85 3 100
3.86 7 -100
3.869 3 100
3.875 3 100
3.881 2 100
3.887 3 -100
3.893 3 100
3.899 4 -100
3.906 3 100
3.912 3 100
3.918 2 100
3.924 3 -100
3.93 3 100
3.936 3 100
3.942 3 100
3.948 3 100
3.954 4 -100
3.96 4 100
3.966 3 100
3.972 3 100
3.982 8 -100
3.991 4 100
3.997 3 100
4.003 3 100
4.009 4 -100
4.015 4 100
4.021 3 100
4.02