0 134646
1.1636 134736
1.7453 134796
1.7453 134856
1.7453 134916
1.1636 134976
1.7453 135036
2.3271 135096
1.7453 135156
1.7453 135216
1.7453 135276
2.3271 135336
1.7453 135396
1.7453 135456
1.7453 135516
2.3271 135576
1.7453 135636
2.3271 135696
2.3271 135756
2.3271 135816
2.3271 135876
2.3271 135936
1.7453 135996
1.7453 136056
1.7453 136116
2.3271 136176
1.7453 136236
2.3271 136296
2.3271 136356
2.3271 136416
1.7453 136476
1.7453 136536
2.3271 136596
1.7453 136656
2.3271 136716
2.3271 136776
2.3271 136836
2.3271 136896
1.7453 136956
1.7453 137016
1.7453 137076
1.7453 137136
2.3271 137196
2.3271 137256
2.3271 137316
2.3271 137376
2.3271 137436
1.7453 137496
1.7453 137556
1.7453 137616
1.7453 137676
2.3271 137736
2.3271 137796
1.7453 137856
2.3271 137916
1.7453 137976
1.7453 138036
1.7453 138096
1.7453 138156
2.3271 138216
2.3271 138276
2.3271 138336
1.7453 138396
1.7453 138456
1.7453 138516
2.3271 138576
2.3271 138636
2.3271 138696
2.3271 138756
2.3271 138816
1.7453 138876
1.7454 138936
1.7454 138996
1.7453 139056
1.7453 139116
2.3271 139176
2.3271 139236
2.3271 139296
1.7453 139356
1.7453 139416
1.7454 139476
1.7454 139536
2.3271 139596
2.3271 139656
2.3271 139716
2.3271 139776
2.3271 139836
1.7453 139896
1.7453 139956
1.7453 140016
1.7453 140076
2.3271 140136
2.3271 140196
1.7453 140256
2.3271 140316
1.7454 140376
1.7453 140436
1.7453 140496
1.7453 140556
